starttime=2021-07-30T14:03:42.550755+00:00
terminationreason=walltime
exitsignal=9
walltime=611.0067599069989s
cputime=610.889166906s
cputime-cpu14=610.889166906s
memory=330645504B
blkio-read=0B
blkio-write=0B