starttime=2021-07-30T13:55:03.259834+00:00
terminationreason=walltime
exitsignal=9
walltime=611.007743532s
cputime=610.894815929s
cputime-cpu26=610.894815929s
memory=330387456B
blkio-read=0B
blkio-write=0B