starttime=2021-07-30T12:06:05.887858+00:00
returnvalue=0
walltime=6.619141472000592s
cputime=6.164942408s
cputime-cpu14=0.000479131s
cputime-cpu47=6.164463277s
memory=331923456B
blkio-read=0B
blkio-write=0B