starttime=2021-07-30T12:28:14.566681+00:00
terminationreason=walltime
exitsignal=9
walltime=601.0069841330005s
cputime=600.869481153s
cputime-cpu39=600.869481153s
memory=1155215360B
blkio-read=0B
blkio-write=0B