starttime=2021-07-30T12:19:00.569465+00:00
terminationreason=walltime
exitsignal=9
walltime=601.0026585969999s
cputime=600.84937178s
cputime-cpu47=600.849371780s
memory=806785024B
blkio-read=0B
blkio-write=0B