starttime=2021-07-30T14:31:14.337407+00:00
terminationreason=walltime
exitsignal=9
walltime=611.0022006219988s
cputime=610.900946533s
cputime-cpu55=610.900946533s
memory=330563584B
blkio-read=0B
blkio-write=0B