starttime=2021-07-30T14:07:26.523663+00:00
terminationreason=walltime
exitsignal=9
walltime=611.0024054899986s
cputime=610.768928062s
cputime-cpu9=610.768928062s
memory=330547200B
blkio-read=0B
blkio-write=0B