starttime=2021-07-30T14:16:19.514627+00:00
returnvalue=0
walltime=157.32006604600065s
cputime=157.20988148s
cputime-cpu11=157.209881480s
memory=330788864B
blkio-read=0B
blkio-write=0B