starttime=2021-07-30T12:05:50.137392+00:00
returnvalue=0
walltime=6.746800707000148s
cputime=6.248580878s
cputime-cpu46=6.248109948s
cputime-cpu47=0.000470930s
memory=331972608B
blkio-read=0B
blkio-write=0B