starttime=2021-07-30T12:18:51.058669+00:00
returnvalue=0
walltime=131.96743540900025s
cputime=131.87993828s
cputime-cpu31=131.879938280s
memory=626393088B
blkio-read=0B
blkio-write=0B