starttime=2021-07-30T14:33:59.162673+00:00
terminationreason=walltime
exitsignal=9
walltime=611.002112316999s
cputime=610.880752519s
cputime-cpu21=610.880695659s
cputime-cpu54=0.000056860s
memory=330514432B
blkio-read=0B
blkio-write=0B