starttime=2021-07-30T14:16:40.814789+00:00
returnvalue=0
walltime=188.11524153399841s
cputime=188.031157334s
cputime-cpu62=188.031157334s
memory=330330112B
blkio-read=0B
blkio-write=0B