starttime=2021-07-30T14:19:44.798692+00:00
terminationreason=walltime
exitsignal=9
walltime=611.0068734029992s
cputime=610.862510526s
cputime-cpu15=610.862510526s
memory=330637312B
blkio-read=0B
blkio-write=0B