starttime=2021-07-30T12:19:46.022843+00:00
terminationreason=walltime
exitsignal=9
walltime=601.0024998449999s
cputime=600.77845631s
cputime-cpu15=600.778456310s
memory=1015656448B
blkio-read=0B
blkio-write=0B