starttime=2021-07-30T14:11:37.570723+00:00
terminationreason=walltime
exitsignal=9
walltime=611.0023969569993s
cputime=610.608549539s
cputime-cpu12=610.608549539s
memory=330215424B
blkio-read=0B
blkio-write=0B