starttime=2021-07-30T12:06:09.054192+00:00
returnvalue=0
walltime=6.637621931000467s
cputime=6.254281743s
cputime-cpu18=6.254281743s
memory=332021760B
blkio-read=0B
blkio-write=0B