starttime=2021-07-30T14:16:10.970464+00:00
terminationreason=walltime
exitsignal=9
walltime=611.0023648200004s
cputime=610.626785117s
cputime-cpu28=610.626785117s
memory=330342400B
blkio-read=0B
blkio-write=0B