starttime=2021-07-30T12:06:10.197739+00:00
returnvalue=0
walltime=6.428580173999762s
cputime=6.162974622s
cputime-cpu3=6.162974622s
memory=331948032B
blkio-read=0B
blkio-write=0B