starttime=2021-07-30T14:26:22.990580+00:00
returnvalue=0
walltime=124.51954353099973s
cputime=124.250599691s
cputime-cpu4=124.250599691s
memory=330485760B
blkio-read=0B
blkio-write=0B