starttime=2021-07-30T12:17:58.113341+00:00
terminationreason=walltime
exitsignal=9
walltime=601.0022853109995s
cputime=600.889290688s
cputime-cpu34=600.889290688s
memory=777412608B
blkio-read=0B
blkio-write=0B