starttime=2021-07-30T13:55:30.542788+00:00
terminationreason=walltime
exitsignal=9
walltime=611.0024134510004s
cputime=610.7753734s
cputime-cpu57=610.775373400s
memory=330493952B
blkio-read=0B
blkio-write=0B