starttime=2021-07-30T12:05:30.474291+00:00
returnvalue=0
walltime=5.431605957000102s
cputime=5.349502419s
cputime-cpu45=5.349502419s
memory=331915264B
blkio-read=0B
blkio-write=0B