starttime=2021-07-30T12:38:48.678821+00:00
terminationreason=walltime
exitsignal=9
walltime=601.0068583940001s
cputime=600.822552902s
cputime-cpu60=600.822552902s
memory=701480960B
blkio-read=0B
blkio-write=0B