starttime=2021-07-30T12:05:36.152349+00:00
returnvalue=0
walltime=5.943604616999437s
cputime=5.790118245s
cputime-cpu21=5.790118245s
memory=331915264B
blkio-read=0B
blkio-write=0B