starttime=2021-07-30T13:51:23.130553+00:00
terminationreason=walltime
exitsignal=9
walltime=611.0069737899994s
cputime=610.904473272s
cputime-cpu3=610.904473272s
memory=330514432B
blkio-read=0B
blkio-write=0B