starttime=2021-07-30T13:55:03.255866+00:00
terminationreason=walltime
exitsignal=9
walltime=611.0049478639994s
cputime=610.582860696s
cputime-cpu20=610.582860696s
memory=330350592B
blkio-read=0B
blkio-write=0B