starttime=2021-07-30T12:17:57.954632+00:00
terminationreason=walltime
exitsignal=9
walltime=601.0024206950002s
cputime=600.852014024s
cputime-cpu50=600.852014024s
memory=758669312B
blkio-read=0B
blkio-write=0B