starttime=2021-07-30T14:05:15.185365+00:00
terminationreason=walltime
exitsignal=9
walltime=611.0040986919994s
cputime=610.919289578s
cputime-cpu33=610.919289578s
memory=330575872B
blkio-read=0B
blkio-write=0B