starttime=2021-07-30T14:18:57.774762+00:00
terminationreason=walltime
exitsignal=9
walltime=611.0024984989996s
cputime=610.775288241s
cputime-cpu30=610.775288241s
memory=330530816B
blkio-read=0B
blkio-write=0B