starttime=2021-07-30T12:48:57.323945+00:00
terminationreason=walltime
exitsignal=9
walltime=601.0019565769999s
cputime=600.805505187s
cputime-cpu12=600.805503007s
cputime-cpu14=0.000002180s
memory=827990016B
blkio-read=0B
blkio-write=0B