starttime=2021-07-30T12:18:44.698608+00:00
terminationreason=walltime
exitsignal=9
walltime=601.0026050449997s
cputime=600.611335267s
cputime-cpu4=600.611335267s
memory=714874880B
blkio-read=0B
blkio-write=0B