starttime=2021-07-30T13:44:51.458669+00:00
returnvalue=0
walltime=183.37640057700082s
cputime=183.289673892s
cputime-cpu52=183.289673892s
memory=330514432B
blkio-read=0B
blkio-write=0B