starttime=2021-07-30T12:39:29.314619+00:00
terminationreason=walltime
exitsignal=9
walltime=601.002685167s
cputime=600.821357782s
cputime-cpu42=600.821357782s
memory=787230720B
blkio-read=0B
blkio-write=0B