starttime=2021-07-30T13:44:51.550251+00:00
terminationreason=walltime
exitsignal=9
walltime=611.0034694679998s
cputime=610.925314593s
cputime-cpu36=610.925314593s
memory=330366976B
blkio-read=0B
blkio-write=0B