starttime=2021-07-30T12:28:25.752178+00:00
returnvalue=0
walltime=9.719318384999497s
cputime=9.64335686s
cputime-cpu8=9.643356860s
memory=355094528B
blkio-read=0B
blkio-write=0B