starttime=2021-07-30T13:55:03.340365+00:00
terminationreason=walltime
exitsignal=9
walltime=611.0033332849998s
cputime=610.919980459s
cputime-cpu33=610.919980459s
memory=330489856B
blkio-read=0B
blkio-write=0B