starttime=2021-07-30T12:06:10.450228+00:00
returnvalue=0
walltime=6.459043811999436s
cputime=6.212888928s
cputime-cpu10=6.212888928s
memory=331915264B
blkio-read=0B
blkio-write=0B