starttime=2021-07-30T14:05:34.970753+00:00
returnvalue=0
walltime=209.18608539199886s
cputime=209.065076118s
cputime-cpu15=209.065076118s
memory=330338304B
blkio-read=0B
blkio-write=0B