starttime=2021-07-30T14:05:15.566080+00:00
terminationreason=walltime
exitsignal=9
walltime=611.002295327s
cputime=610.79793892s
cputime-cpu36=610.797938920s
memory=330645504B
blkio-read=0B
blkio-write=0B