starttime=2021-07-30T12:06:08.803153+00:00
returnvalue=0
walltime=5.480519204999837s
cputime=5.218903639s
cputime-cpu61=5.218903639s
memory=332095488B
blkio-read=0B
blkio-write=0B