starttime=2021-07-30T12:27:59.767073+00:00
terminationreason=walltime
exitsignal=9
walltime=601.0072158720004s
cputime=600.729519877s
cputime-cpu9=600.729519877s
memory=626843648B
blkio-read=0B
blkio-write=0B