starttime=2021-07-30T12:05:30.702901+00:00
returnvalue=0
walltime=5.246835021999686s
cputime=5.169614118s
cputime-cpu59=5.169614118s
memory=332083200B
blkio-read=0B
blkio-write=0B