starttime=2021-07-30T14:35:51.042564+00:00
returnvalue=0
walltime=177.6331145410004s
cputime=177.557828441s
cputime-cpu32=177.557828441s
memory=330625024B
blkio-read=0B
blkio-write=0B