starttime=2021-07-30T12:08:05.578749+00:00
returnvalue=0
walltime=11.472167103000174s
cputime=11.364229278s
cputime-cpu19=11.364229278s
memory=356261888B
blkio-read=0B
blkio-write=0B