starttime=2021-07-30T14:36:22.734698+00:00
terminationreason=walltime
exitsignal=9
walltime=611.0017787680008s
cputime=610.894372059s
cputime-cpu17=610.894362729s
cputime-cpu48=0.000009330s
memory=330268672B
blkio-read=0B
blkio-write=0B