starttime=2021-07-30T12:06:13.534223+00:00
returnvalue=0
walltime=5.742989819999821s
cputime=5.611769454s
cputime-cpu27=5.611769454s
memory=332025856B
blkio-read=0B
blkio-write=0B