starttime=2021-07-30T12:05:38.534459+00:00
returnvalue=0
walltime=7.4439253990003635s
cputime=6.358499082s
cputime-cpu24=0.000064420s
cputime-cpu25=0.000356011s
cputime-cpu58=6.357782901s
cputime-cpu59=0.000295750s
memory=332005376B
blkio-read=0B
blkio-write=0B