starttime=2021-07-30T14:05:59.753923+00:00
terminationreason=walltime
exitsignal=9
walltime=611.0026870539987s
cputime=610.695065691s
cputime-cpu8=610.695065691s
memory=330534912B
blkio-read=0B
blkio-write=0B