starttime=2021-07-30T12:38:36.800560+00:00
terminationreason=walltime
exitsignal=9
walltime=601.0091253960009s
cputime=600.810187186s
cputime-cpu30=600.810187186s
memory=833638400B
blkio-read=0B
blkio-write=0B