starttime=2021-07-30T12:05:37.957534+00:00
returnvalue=0
walltime=5.195950455999991s
cputime=4.999413169s
cputime-cpu12=0.000991341s
cputime-cpu15=4.998421828s
memory=332042240B
blkio-read=0B
blkio-write=0B