starttime=2021-07-30T14:05:15.598531+00:00
terminationreason=walltime
exitsignal=9
walltime=611.0021756909991s
cputime=610.771661525s
cputime-cpu53=610.771661525s
memory=330493952B
blkio-read=0B
blkio-write=0B