starttime=2021-07-30T12:40:33.882629+00:00
terminationreason=walltime
exitsignal=9
walltime=601.0026238170003s
cputime=600.913719034s
cputime-cpu27=600.913719034s
memory=707379200B
blkio-read=0B
blkio-write=0B