starttime=2021-07-30T12:05:38.007792+00:00
returnvalue=0
walltime=5.33323165299953s
cputime=5.082303465s
cputime-cpu51=5.082303465s
memory=331890688B
blkio-read=0B
blkio-write=0B