starttime=2021-07-30T14:25:39.390417+00:00
terminationreason=walltime
exitsignal=9
walltime=611.0023155689996s
cputime=610.756954781s
cputime-cpu23=0.000003170s
cputime-cpu53=610.756951611s
memory=330559488B
blkio-read=0B
blkio-write=0B