starttime=2021-07-30T12:09:48.354721+00:00
terminationreason=walltime
exitsignal=9
walltime=601.0025338809992s
cputime=600.785871448s
cputime-cpu5=600.785871448s
memory=946458624B
blkio-read=0B
blkio-write=0B