starttime=2021-07-30T13:44:51.330310+00:00
terminationreason=walltime
exitsignal=9
walltime=611.0119138179998s
cputime=610.888182656s
cputime-cpu20=610.888182656s
memory=330567680B
blkio-read=0B
blkio-write=0B