starttime=2021-07-30T12:06:12.091419+00:00
returnvalue=0
walltime=5.628000653000527s
cputime=5.517990288s
cputime-cpu33=5.517990288s
memory=331677696B
blkio-read=0B
blkio-write=0B