starttime=2021-07-30T12:19:50.374706+00:00
terminationreason=walltime
exitsignal=9
walltime=601.0025501909995s
cputime=600.819430949s
cputime-cpu5=600.819430949s
memory=895500288B
blkio-read=0B
blkio-write=0B