starttime=2021-07-30T12:08:06.726737+00:00
returnvalue=0
walltime=17.091062597999553s
cputime=16.961073009s
cputime-cpu40=16.961073009s
memory=405041152B
blkio-read=0B
blkio-write=0B