starttime=2021-07-30T14:16:01.774450+00:00
terminationreason=walltime
exitsignal=9
walltime=611.0025288090001s
cputime=610.720527289s
cputime-cpu56=610.720527289s
memory=330608640B
blkio-read=0B
blkio-write=0B