starttime=2021-07-30T14:15:27.216741+00:00
terminationreason=walltime
exitsignal=9
walltime=611.0022541079998s
cputime=610.911713003s
cputime-cpu32=610.911713003s
memory=330489856B
blkio-read=0B
blkio-write=0B