starttime=2021-07-30T14:05:49.878599+00:00
terminationreason=walltime
exitsignal=9
walltime=611.0029749589994s
cputime=610.899920578s
cputime-cpu56=610.899920578s
memory=330293248B
blkio-read=0B
blkio-write=0B