starttime=2021-07-30T12:39:42.194813+00:00
terminationreason=walltime
exitsignal=9
walltime=601.0069030579998s
cputime=600.852638584s
cputime-cpu61=600.852638584s
memory=776609792B
blkio-read=0B
blkio-write=0B