starttime=2021-07-30T12:27:59.773034+00:00
returnvalue=0
walltime=150.19286953000028s
cputime=150.101226561s
cputime-cpu2=150.101226561s
memory=680374272B
blkio-read=0B
blkio-write=0B