starttime=2021-07-30T12:07:55.775626+00:00
returnvalue=0
walltime=154.1164812880006s
cputime=153.870277453s
cputime-cpu53=153.870277453s
memory=497606656B
blkio-read=0B
blkio-write=0B