starttime=2021-07-30T14:24:06.530518+00:00
terminationreason=walltime
exitsignal=9
walltime=611.0024328239997s
cputime=610.619498023s
cputime-cpu14=610.619498023s
memory=330543104B
blkio-read=0B
blkio-write=0B