starttime=2021-07-30T12:05:45.873297+00:00
returnvalue=0
walltime=6.400287399000263s
cputime=6.068056643s
cputime-cpu39=0.000999192s
cputime-cpu5=6.066971231s
cputime-cpu6=0.000086220s
memory=331890688B
blkio-read=0B
blkio-write=0B