starttime=2021-07-30T13:47:55.306568+00:00
terminationreason=walltime
exitsignal=9
walltime=611.0070248150005s
cputime=610.881666681s
cputime-cpu52=610.881666681s
memory=330330112B
blkio-read=0B
blkio-write=0B