starttime=2021-07-30T14:03:42.706726+00:00
terminationreason=walltime
exitsignal=9
walltime=611.0067793050002s
cputime=610.915135847s
cputime-cpu19=610.915135847s
memory=330842112B
blkio-read=0B
blkio-write=0B