starttime=2021-07-30T12:44:45.426737+00:00
returnvalue=0
walltime=251.49936910900033s
cputime=251.320204623s
cputime-cpu12=251.320204623s
memory=710914048B
blkio-read=0B
blkio-write=0B