starttime=2021-07-30T12:29:43.482843+00:00
terminationreason=walltime
exitsignal=9
walltime=601.0026005990003s
cputime=600.670379492s
cputime-cpu10=600.670379492s
memory=675627008B
blkio-read=0B
blkio-write=0B