starttime=2021-07-30T12:49:18.666632+00:00
terminationreason=walltime
exitsignal=9
walltime=601.0022913940002s
cputime=600.948753977s
cputime-cpu3=600.948753977s
memory=842153984B
blkio-read=0B
blkio-write=0B