starttime=2021-07-30T12:05:43.711427+00:00
returnvalue=0
walltime=6.27709004099961s
cputime=5.934356752s
cputime-cpu36=0.000078301s
cputime-cpu38=5.934278451s
memory=331968512B
blkio-read=0B
blkio-write=0B