starttime=2021-07-30T14:21:02.254726+00:00
terminationreason=walltime
exitsignal=9
walltime=611.006846499s
cputime=610.761165045s
cputime-cpu55=610.761165045s
memory=330539008B
blkio-read=0B
blkio-write=0B