starttime=2021-07-30T12:18:49.870729+00:00
returnvalue=0
walltime=114.64665941099975s
cputime=114.359850948s
cputime-cpu32=114.359850948s
memory=613773312B
blkio-read=0B
blkio-write=0B