starttime=2021-07-30T12:39:57.318695+00:00
terminationreason=walltime
exitsignal=9
walltime=601.0024568919998s
cputime=600.580757093s
cputime-cpu21=600.580757093s
memory=887689216B
blkio-read=0B
blkio-write=0B