starttime=2021-07-30T12:07:55.770435+00:00
returnvalue=0
walltime=27.861171431999537s
cputime=27.701314506s
cputime-cpu26=27.701212156s
cputime-cpu27=0.000005830s
cputime-cpu57=0.000090950s
cputime-cpu58=0.000005570s
memory=572383232B
blkio-read=0B
blkio-write=0B