starttime=2021-07-30T12:27:45.738707+00:00
returnvalue=0
walltime=459.3620398510002s
cputime=459.095016028s
cputime-cpu23=459.095016028s
memory=625881088B
blkio-read=0B
blkio-write=0B