starttime=2021-07-30T13:55:03.427634+00:00
terminationreason=walltime
exitsignal=9
walltime=611.0021136729993s
cputime=610.931123794s
cputime-cpu34=610.931123794s
memory=330608640B
blkio-read=0B
blkio-write=0B