starttime=2021-07-30T12:05:30.388826+00:00
returnvalue=0
walltime=5.303163236000728s
cputime=5.222042141s
cputime-cpu18=5.222042141s
memory=331833344B
blkio-read=0B
blkio-write=0B