starttime=2021-07-30T13:55:46.431057+00:00
terminationreason=walltime
exitsignal=9
walltime=611.0023010240002s
cputime=610.663550458s
cputime-cpu18=610.663550458s
memory=330473472B
blkio-read=0B
blkio-write=0B