starttime=2021-07-30T12:27:59.688596+00:00
terminationreason=walltime
exitsignal=9
walltime=601.0049663199998s
cputime=600.873393354s
cputime-cpu13=600.873393354s
memory=647987200B
blkio-read=0B
blkio-write=0B