starttime=2021-07-30T14:05:15.653411+00:00
terminationreason=walltime
exitsignal=9
walltime=611.0023892779991s
cputime=610.823400066s
cputime-cpu63=610.823400066s
memory=330272768B
blkio-read=0B
blkio-write=0B