starttime=2021-07-30T14:05:02.418525+00:00
terminationreason=walltime
exitsignal=9
walltime=611.002407042999s
cputime=610.722364499s
cputime-cpu47=610.722364499s
memory=330440704B
blkio-read=0B
blkio-write=0B