starttime=2021-07-30T14:17:33.662696+00:00
terminationreason=walltime
exitsignal=9
walltime=611.0023838910001s
cputime=610.728239857s
cputime-cpu60=610.728239857s
memory=330854400B
blkio-read=0B
blkio-write=0B