starttime=2021-07-30T13:57:14.654742+00:00
terminationreason=walltime
exitsignal=9
walltime=611.0025007500008s
cputime=610.685128495s
cputime-cpu9=610.685128495s
memory=330801152B
blkio-read=0B
blkio-write=0B