starttime=2021-07-30T14:25:39.002855+00:00
terminationreason=walltime
exitsignal=9
walltime=611.0027036640004s
cputime=610.628161866s
cputime-cpu20=0.000005480s
cputime-cpu23=610.628156386s
memory=330543104B
blkio-read=0B
blkio-write=0B