starttime=2021-07-30T14:24:44.930705+00:00
terminationreason=walltime
exitsignal=9
walltime=611.006877066s
cputime=610.894802756s
cputime-cpu7=610.894802756s
memory=330567680B
blkio-read=0B
blkio-write=0B