starttime=2021-07-30T14:06:49.830655+00:00
terminationreason=walltime
exitsignal=9
walltime=611.0068453550011s
cputime=610.816719965s
cputime-cpu10=610.816719965s
memory=330563584B
blkio-read=0B
blkio-write=0B