starttime=2021-07-30T13:44:51.506120+00:00
terminationreason=walltime
exitsignal=9
walltime=611.0021721989997s
cputime=610.821120288s
cputime-cpu52=0.000005860s
cputime-cpu55=610.821114428s
memory=330231808B
blkio-read=0B
blkio-write=0B