starttime=2021-07-30T14:15:54.513493+00:00
terminationreason=walltime
exitsignal=9
walltime=611.0025004380004s
cputime=610.636366233s
cputime-cpu57=610.636366233s
memory=330219520B
blkio-read=0B
blkio-write=0B