starttime=2021-07-30T12:05:42.078343+00:00
returnvalue=0
walltime=6.133912926999983s
cputime=5.972916996s
cputime-cpu27=5.972916996s
memory=331997184B
blkio-read=0B
blkio-write=0B