starttime=2021-07-30T12:05:52.172296+00:00
returnvalue=0
walltime=5.326009897999938s
cputime=5.0969973s
cputime-cpu35=5.096997300s
memory=331735040B
blkio-read=0B
blkio-write=0B