starttime=2021-07-30T12:06:12.207694+00:00
returnvalue=0
walltime=5.969777700999657s
cputime=5.852738511s
cputime-cpu60=5.852738511s
memory=332107776B
blkio-read=0B
blkio-write=0B