starttime=2021-07-30T12:17:57.733575+00:00
returnvalue=0
walltime=15.862534869999763s
cputime=15.769870517s
cputime-cpu8=15.769870517s
memory=508624896B
blkio-read=0B
blkio-write=0B