starttime=2021-07-30T12:17:57.795901+00:00
terminationreason=walltime
exitsignal=9
walltime=601.0039610680005s
cputime=600.612287312s
cputime-cpu24=600.612280242s
cputime-cpu27=0.000007070s
memory=743653376B
blkio-read=0B
blkio-write=0B