starttime=2021-07-30T12:31:46.290754+00:00
terminationreason=walltime
exitsignal=9
walltime=601.0025818089998s
cputime=600.548860398s
cputime-cpu16=600.548860398s
memory=992280576B
blkio-read=0B
blkio-write=0B