starttime=2021-07-30T14:15:27.146663+00:00
terminationreason=walltime
exitsignal=9
walltime=611.0028051230001s
cputime=610.780587178s
cputime-cpu45=610.780587178s
memory=330469376B
blkio-read=0B
blkio-write=0B