starttime=2021-07-30T14:06:07.462749+00:00
terminationreason=walltime
exitsignal=9
walltime=611.0025992969986s
cputime=610.706854462s
cputime-cpu11=610.706854462s
memory=330571776B
blkio-read=0B
blkio-write=0B