starttime=2021-07-30T14:05:32.790692+00:00
returnvalue=0
walltime=32.31461320299968s
cputime=32.124174039s
cputime-cpu46=32.124174039s
memory=330539008B
blkio-read=0B
blkio-write=0B