starttime=2021-07-30T14:29:10.230614+00:00
terminationreason=walltime
exitsignal=9
walltime=611.002152942001s
cputime=610.885966441s
cputime-cpu9=610.885966441s
memory=330219520B
blkio-read=0B
blkio-write=0B