starttime=2021-07-30T12:07:55.810109+00:00
terminationreason=walltime
exitsignal=9
walltime=601.0092754540001s
cputime=600.883889154s
cputime-cpu43=600.883889154s
memory=718282752B
blkio-read=0B
blkio-write=0B