starttime=2021-07-30T12:38:53.302619+00:00
terminationreason=walltime
exitsignal=9
walltime=601.0025240949999s
cputime=600.643539266s
cputime-cpu33=600.643539266s
memory=917430272B
blkio-read=0B
blkio-write=0B