starttime=2021-07-30T12:17:57.670192+00:00
terminationreason=walltime
exitsignal=9
walltime=601.0034461539999s
cputime=600.799288904s
cputime-cpu51=600.799288904s
memory=1209749504B
blkio-read=0B
blkio-write=0B