starttime=2021-07-30T14:05:15.490837+00:00
terminationreason=walltime
exitsignal=9
walltime=611.0022838069999s
cputime=610.849644817s
cputime-cpu61=610.849644817s
memory=330375168B
blkio-read=0B
blkio-write=0B