starttime=2021-07-30T12:06:01.094461+00:00
returnvalue=0
walltime=5.278775798000424s
cputime=5.021917739s
cputime-cpu26=0.000007710s
cputime-cpu57=5.021910029s
memory=331874304B
blkio-read=0B
blkio-write=0B