starttime=2021-07-30T14:25:42.986806+00:00
terminationreason=walltime
exitsignal=9
walltime=611.006779841s
cputime=610.910804681s
cputime-cpu19=610.910804681s
memory=330567680B
blkio-read=0B
blkio-write=0B