starttime=2021-07-30T14:20:20.209402+00:00
terminationreason=walltime
exitsignal=9
walltime=611.0024414600011s
cputime=610.728460751s
cputime-cpu62=610.728460751s
memory=330502144B
blkio-read=0B
blkio-write=0B