starttime=2021-07-30T12:39:02.750667+00:00
terminationreason=walltime
exitsignal=9
walltime=601.0025595449997s
cputime=600.621390444s
cputime-cpu17=600.621390444s
memory=878526464B
blkio-read=0B
blkio-write=0B