starttime=2021-07-30T12:18:29.658770+00:00
returnvalue=0
walltime=9.683117175000007s
cputime=9.599204843s
cputime-cpu19=9.599204843s
memory=356192256B
blkio-read=0B
blkio-write=0B