starttime=2021-07-30T13:55:03.257909+00:00
terminationreason=walltime
exitsignal=9
walltime=611.0029180100009s
cputime=305.473117331s
cputime-cpu0=305.473091571s
cputime-cpu2=0.000015590s
cputime-cpu39=0.000010170s
memory=330162176B
blkio-read=0B
blkio-write=0B