starttime=2021-07-30T12:38:50.826669+00:00
terminationreason=walltime
exitsignal=9
walltime=601.0024179459997s
cputime=600.600139731s
cputime-cpu46=600.600139731s
memory=1036972032B
blkio-read=0B
blkio-write=0B