starttime=2021-07-30T12:28:37.806777+00:00
terminationreason=walltime
exitsignal=9
walltime=601.0025300970001s
cputime=600.83794464s
cputime-cpu27=600.837944640s
memory=1104855040B
blkio-read=0B
blkio-write=0B