starttime=2021-07-30T13:44:51.441456+00:00
returnvalue=0
walltime=130.8208301600007s
cputime=130.690927041s
cputime-cpu9=130.690927041s
memory=330280960B
blkio-read=0B
blkio-write=0B