starttime=2021-07-30T12:05:51.828167+00:00
returnvalue=0
walltime=6.44741780700042s
cputime=6.085159308s
cputime-cpu60=6.085159308s
memory=331997184B
blkio-read=0B
blkio-write=0B