starttime=2021-07-30T14:14:41.046672+00:00
terminationreason=walltime
exitsignal=9
walltime=611.0069275669994s
cputime=610.908861449s
cputime-cpu19=610.908861449s
memory=330223616B
blkio-read=0B
blkio-write=0B