starttime=2021-07-30T12:05:37.732410+00:00
returnvalue=0
walltime=6.566964958000426s
cputime=5.847040807s
cputime-cpu12=5.846909677s
cputime-cpu14=0.000131130s
memory=331980800B
blkio-read=0B
blkio-write=0B