starttime=2021-07-30T13:55:03.669134+00:00
terminationreason=walltime
exitsignal=9
walltime=611.0143566160004s
cputime=610.88824711s
cputime-cpu25=610.888247110s
memory=330383360B
blkio-read=0B
blkio-write=0B