starttime=2021-07-30T12:05:44.628265+00:00
returnvalue=0
walltime=5.367313734000163s
cputime=5.11670002s
cputime-cpu3=5.116700020s
memory=331927552B
blkio-read=0B
blkio-write=0B