starttime=2021-07-30T12:18:12.518815+00:00
terminationreason=walltime
exitsignal=9
walltime=601.002548462s
cputime=600.888687993s
cputime-cpu39=600.888687993s
memory=752750592B
blkio-read=0B
blkio-write=0B