starttime=2021-07-30T14:15:27.225703+00:00
terminationreason=walltime
exitsignal=9
walltime=611.0064275289988s
cputime=610.84002776s
cputime-cpu42=610.840027760s
memory=330301440B
blkio-read=0B
blkio-write=0B