starttime=2021-07-30T12:06:14.938541+00:00
returnvalue=0
walltime=6.020715687999655s
cputime=5.933687797s
cputime-cpu46=5.933687797s
memory=332029952B
blkio-read=0B
blkio-write=0B