starttime=2021-07-30T13:44:51.432876+00:00
returnvalue=0
walltime=254.63757463600086s
cputime=254.498487124s
cputime-cpu16=254.498487124s
memory=330530816B
blkio-read=0B
blkio-write=0B