starttime=2021-07-30T12:18:37.861413+00:00
returnvalue=0
walltime=46.78260982499978s
cputime=46.699730767s
cputime-cpu42=46.699730767s
memory=648396800B
blkio-read=0B
blkio-write=0B