starttime=2021-07-30T13:44:51.583066+00:00
terminationreason=walltime
exitsignal=9
walltime=611.0036773480006s
cputime=610.896451204s
cputime-cpu17=610.896451204s
memory=330649600B
blkio-read=0B
blkio-write=0B