starttime=2021-07-30T12:05:37.892073+00:00
returnvalue=0
walltime=5.483881096000005s
cputime=5.135725453s
cputime-cpu10=0.000335791s
cputime-cpu11=5.135389662s
memory=331886592B
blkio-read=0B
blkio-write=0B