starttime=2021-07-30T13:55:03.255447+00:00
terminationreason=walltime
exitsignal=9
walltime=611.0044545830006s
cputime=610.900193256s
cputime-cpu6=610.900193256s
memory=330530816B
blkio-read=0B
blkio-write=0B