starttime=2021-07-30T12:49:11.305554+00:00
terminationreason=walltime
exitsignal=9
walltime=601.0021328790008s
cputime=600.942962927s
cputime-cpu43=600.942962927s
memory=1030524928B
blkio-read=0B
blkio-write=0B