starttime=2021-07-30T13:55:03.381804+00:00
terminationreason=walltime
exitsignal=9
walltime=611.0022709450004s
cputime=610.929316987s
cputime-cpu32=610.929316987s
memory=330424320B
blkio-read=0B
blkio-write=0B