starttime=2021-07-30T12:17:57.628683+00:00
terminationreason=walltime
exitsignal=9
walltime=601.0025461190007s
cputime=600.578746728s
cputime-cpu58=600.578746728s
memory=705859584B
blkio-read=0B
blkio-write=0B