starttime=2021-07-30T12:38:27.618722+00:00
terminationreason=walltime
exitsignal=9
walltime=601.0024572659995s
cputime=600.741723341s
cputime-cpu12=0.002957743s
cputime-cpu13=600.738765598s
memory=1049513984B
blkio-read=0B
blkio-write=0B