starttime=2021-07-30T12:17:57.677083+00:00
terminationreason=walltime
exitsignal=9
walltime=601.0045907140002s
cputime=600.957749487s
cputime-cpu27=0.000004640s
cputime-cpu59=600.957744847s
memory=794882048B
blkio-read=0B
blkio-write=0B