starttime=2021-07-30T14:25:39.322679+00:00
terminationreason=walltime
exitsignal=9
walltime=611.0023917609997s
cputime=610.701862442s
cputime-cpu36=610.701860062s
cputime-cpu5=0.000002380s
memory=330776576B
blkio-read=0B
blkio-write=0B