starttime=2021-07-30T12:05:48.634540+00:00
returnvalue=0
walltime=5.10360535000018s
cputime=4.882051288s
cputime-cpu27=4.882051288s
memory=332009472B
blkio-read=0B
blkio-write=0B