starttime=2021-07-30T14:07:52.742772+00:00
returnvalue=0
walltime=26.02242240600026s
cputime=25.893895809s
cputime-cpu41=25.893895809s
memory=330616832B
blkio-read=0B
blkio-write=0B