starttime=2021-07-30T12:31:12.106901+00:00
returnvalue=0
walltime=41.939197996000075s
cputime=41.819628261s
cputime-cpu55=41.819628261s
memory=445718528B
blkio-read=0B
blkio-write=0B