starttime=2021-07-30T12:31:25.838741+00:00
terminationreason=walltime
exitsignal=9
walltime=601.0026045970008s
cputime=600.554728543s
cputime-cpu28=600.554728543s
memory=690831360B
blkio-read=0B
blkio-write=0B