starttime=2021-07-30T12:05:58.265069+00:00
returnvalue=0
walltime=5.236081252000076s
cputime=5.01158646s
cputime-cpu1=5.011586460s
memory=331952128B
blkio-read=0B
blkio-write=0B