starttime=2021-07-30T14:16:17.710763+00:00
terminationreason=walltime
exitsignal=9
walltime=611.0024056799994s
cputime=610.801234561s
cputime-cpu46=610.801234561s
memory=330530816B
blkio-read=0B
blkio-write=0B