starttime=2021-07-30T14:26:22.950579+00:00
terminationreason=walltime
exitsignal=9
walltime=611.002463914001s
cputime=610.648258602s
cputime-cpu28=610.648258602s
memory=330633216B
blkio-read=0B
blkio-write=0B