starttime=2021-07-30T12:06:10.184814+00:00
returnvalue=0
walltime=6.717323941000359s
cputime=6.466751997s
cputime-cpu34=6.466751997s
memory=332021760B
blkio-read=0B
blkio-write=0B