starttime=2021-07-30T14:30:18.525455+00:00
terminationreason=walltime
exitsignal=9
walltime=611.0021330239997s
cputime=610.839999002s
cputime-cpu30=610.839999002s
memory=330637312B
blkio-read=0B
blkio-write=0B