starttime=2021-07-30T12:18:14.438796+00:00
terminationreason=walltime
exitsignal=9
walltime=601.0025517529994s
cputime=600.668298079s
cputime-cpu6=600.668298079s
memory=827535360B
blkio-read=0B
blkio-write=0B