starttime=2021-07-30T12:08:20.802696+00:00
terminationreason=walltime
exitsignal=9
walltime=601.0070410519993s
cputime=600.807312237s
cputime-cpu30=600.807312237s
memory=1043120128B
blkio-read=0B
blkio-write=0B