starttime=2021-07-30T14:27:01.126771+00:00
terminationreason=walltime
exitsignal=9
walltime=611.0024049699987s
cputime=610.73054051s
cputime-cpu50=610.730540510s
memory=330502144B
blkio-read=0B
blkio-write=0B