starttime=2021-07-30T14:29:14.882832+00:00
terminationreason=walltime
exitsignal=9
walltime=611.0021947679998s
cputime=610.765772515s
cputime-cpu38=610.765772515s
memory=330719232B
blkio-read=0B
blkio-write=0B