starttime=2021-07-30T14:06:05.642837+00:00
terminationreason=walltime
exitsignal=9
walltime=611.0024675069999s
cputime=610.707164913s
cputime-cpu46=610.707164913s
memory=330579968B
blkio-read=0B
blkio-write=0B