starttime=2021-07-30T14:05:15.267518+00:00
terminationreason=walltime
exitsignal=9
walltime=611.0023504860001s
cputime=610.742130098s
cputime-cpu5=610.742130098s
memory=330612736B
blkio-read=0B
blkio-write=0B