starttime=2021-07-30T14:02:22.882803+00:00
terminationreason=walltime
exitsignal=9
walltime=611.002587672001s
cputime=610.689251966s
cputime-cpu43=610.689251966s
memory=330522624B
blkio-read=0B
blkio-write=0B