starttime=2021-07-30T13:55:03.685482+00:00
terminationreason=walltime
exitsignal=9
walltime=611.0027343110014s
cputime=610.816533637s
cputime-cpu53=610.816533637s
memory=330608640B
blkio-read=0B
blkio-write=0B