starttime=2021-07-30T14:36:34.066575+00:00
returnvalue=0
walltime=533.3875087449996s
cputime=533.226354434s
cputime-cpu13=533.226354434s
memory=330661888B
blkio-read=0B
blkio-write=0B