starttime=2021-07-30T14:25:39.183020+00:00
terminationreason=walltime
exitsignal=9
walltime=611.0023210979998s
cputime=610.666230275s
cputime-cpu24=610.666230275s
memory=330584064B
blkio-read=0B
blkio-write=0B