starttime=2021-07-30T14:35:21.230688+00:00
returnvalue=0
walltime=265.2857392040005s
cputime=265.187059225s
cputime-cpu26=265.187059225s
memory=330584064B
blkio-read=0B
blkio-write=0B