starttime=2021-07-30T14:20:02.630688+00:00
terminationreason=walltime
exitsignal=9
walltime=611.002460013s
cputime=610.750111969s
cputime-cpu27=610.750111969s
memory=330407936B
blkio-read=0B
blkio-write=0B