starttime=2021-07-30T12:05:58.241407+00:00
returnvalue=0
walltime=6.9695414389998405s
cputime=6.345958847s
cputime-cpu43=0.000257500s
cputime-cpu8=6.345701347s
memory=332034048B
blkio-read=0B
blkio-write=0B