starttime=2021-07-30T13:55:03.374637+00:00
terminationreason=walltime
exitsignal=9
walltime=611.002728297999s
cputime=610.715347091s
cputime-cpu55=610.715347091s
memory=330309632B
blkio-read=0B
blkio-write=0B