starttime=2021-07-30T12:06:11.141481+00:00
returnvalue=0
walltime=6.517158756999379s
cputime=6.372363541s
cputime-cpu59=6.372363541s
memory=332005376B
blkio-read=0B
blkio-write=0B