starttime=2021-07-30T14:08:09.378741+00:00
returnvalue=0
walltime=11.749868228000196s
cputime=11.640304341s
cputime-cpu30=11.640304341s
memory=330194944B
blkio-read=0B
blkio-write=0B