starttime=2021-07-30T14:26:27.326792+00:00
terminationreason=walltime
exitsignal=9
walltime=611.0067934660001s
cputime=610.881719561s
cputime-cpu22=610.881719561s
memory=330530816B
blkio-read=0B
blkio-write=0B