starttime=2021-07-30T13:55:03.241763+00:00
terminationreason=walltime
exitsignal=9
walltime=611.002490017001s
cputime=610.903493899s
cputime-cpu7=610.903493899s
memory=330842112B
blkio-read=0B
blkio-write=0B