starttime=2021-07-30T14:15:27.224350+00:00
terminationreason=walltime
exitsignal=9
walltime=611.0023340250009s
cputime=610.897753994s
cputime-cpu44=610.897753994s
memory=330452992B
blkio-read=0B
blkio-write=0B