starttime=2021-07-30T12:37:00.602699+00:00
terminationreason=walltime
exitsignal=9
walltime=601.0025564200005s
cputime=600.334939309s
cputime-cpu20=600.334939309s
memory=728031232B
blkio-read=0B
blkio-write=0B