starttime=2021-07-30T12:17:57.795530+00:00
terminationreason=walltime
exitsignal=9
walltime=601.0028166269994s
cputime=600.751924861s
cputime-cpu13=600.751924861s
memory=953888768B
blkio-read=0B
blkio-write=0B