starttime=2021-07-30T12:05:47.949492+00:00
returnvalue=0
walltime=5.537591809999867s
cputime=5.155939149s
cputime-cpu0=5.155939149s
memory=331997184B
blkio-read=0B
blkio-write=0B