starttime=2021-07-30T12:06:06.517810+00:00
returnvalue=0
walltime=5.510733529999925s
cputime=5.170450787s
cputime-cpu4=5.170450787s
memory=331857920B
blkio-read=0B
blkio-write=0B