starttime=2021-07-30T14:33:57.770552+00:00
terminationreason=walltime
exitsignal=9
walltime=611.0020997929987s
cputime=610.7460456s
cputime-cpu25=610.745997450s
cputime-cpu27=0.000048150s
memory=330350592B
blkio-read=0B
blkio-write=0B