starttime=2021-07-30T13:55:22.510672+00:00
terminationreason=walltime
exitsignal=9
walltime=611.0024160240009s
cputime=610.859818338s
cputime-cpu50=610.859818338s
memory=330289152B
blkio-read=0B
blkio-write=0B