starttime=2021-07-30T14:32:58.933481+00:00
terminationreason=walltime
exitsignal=9
walltime=611.0021283629994s
cputime=610.697675508s
cputime-cpu43=610.697675508s
memory=330530816B
blkio-read=0B
blkio-write=0B