starttime=2021-07-30T12:39:45.482598+00:00
terminationreason=walltime
exitsignal=9
walltime=601.0026023949995s
cputime=600.914935903s
cputime-cpu10=600.914935903s
memory=1065328640B
blkio-read=0B
blkio-write=0B