starttime=2021-07-30T14:05:38.350661+00:00
returnvalue=0
walltime=358.7158186589986s
cputime=358.421409009s
cputime-cpu12=358.421409009s
memory=330518528B
blkio-read=0B
blkio-write=0B