starttime=2021-07-30T14:06:14.278591+00:00
returnvalue=0
walltime=302.28326892900077s
cputime=302.039860519s
cputime-cpu49=302.039860519s
memory=330674176B
blkio-read=0B
blkio-write=0B