starttime=2021-07-30T12:06:12.555155+00:00
returnvalue=0
walltime=5.079804189999777s
cputime=4.936005896s
cputime-cpu4=4.936005896s
memory=331919360B
blkio-read=0B
blkio-write=0B