starttime=2021-07-30T12:05:50.233606+00:00
returnvalue=0
walltime=9.513936649000243s
cputime=8.606346175s
cputime-cpu26=8.605298204s
cputime-cpu27=0.000251810s
cputime-cpu58=0.000029730s
cputime-cpu59=0.000766431s
memory=332029952B
blkio-read=0B
blkio-write=0B