starttime=2021-07-30T14:05:15.190423+00:00
returnvalue=0
walltime=162.5676504990006s
cputime=162.270583789s
cputime-cpu54=162.270583789s
memory=330452992B
blkio-read=0B
blkio-write=0B