starttime=2021-07-30T14:05:15.132082+00:00
terminationreason=walltime
exitsignal=9
walltime=611.0037604820009s
cputime=305.480218057s
cputime-cpu0=305.480218057s
memory=330661888B
blkio-read=0B
blkio-write=0B