starttime=2021-07-30T12:48:21.230692+00:00
terminationreason=walltime
exitsignal=9
walltime=601.0023928s
cputime=600.943517107s
cputime-cpu44=600.943517107s
memory=860680192B
blkio-read=0B
blkio-write=0B