starttime=2021-07-30T14:35:51.376636+00:00
terminationreason=walltime
exitsignal=9
walltime=611.0014434370005s
cputime=610.874192118s
cputime-cpu23=0.000786291s
cputime-cpu53=610.873405827s
memory=330354688B
blkio-read=0B
blkio-write=0B