starttime=2021-07-30T12:38:01.487201+00:00
returnvalue=0
walltime=9.925965747999726s
cputime=9.801660086s
cputime-cpu51=9.801660086s
memory=355680256B
blkio-read=0B
blkio-write=0B