starttime=2021-07-30T14:05:15.149243+00:00
terminationreason=walltime
exitsignal=9
walltime=611.0037170399992s
cputime=610.881226647s
cputime-cpu20=0.000002130s
cputime-cpu23=610.881224517s
memory=330444800B
blkio-read=0B
blkio-write=0B