starttime=2021-07-30T14:05:35.466574+00:00
returnvalue=0
walltime=31.761363612999048s
cputime=31.693270299s
cputime-cpu35=31.693270299s
memory=330895360B
blkio-read=0B
blkio-write=0B