starttime=2021-07-30T14:05:14.823317+00:00
terminationreason=walltime
exitsignal=9
walltime=611.0062699230002s
cputime=610.897252068s
cputime-cpu2=610.897252068s
memory=330547200B
blkio-read=0B
blkio-write=0B