starttime=2021-07-30T12:18:33.954682+00:00
returnvalue=0
walltime=66.95701383699998s
cputime=66.882693561s
cputime-cpu10=66.882693561s
memory=725938176B
blkio-read=0B
blkio-write=0B