starttime=2021-07-30T12:08:06.277246+00:00
terminationreason=walltime
exitsignal=9
walltime=601.0024995209997s
cputime=600.889793597s
cputime-cpu1=600.889793597s
memory=679309312B
blkio-read=0B
blkio-write=0B