starttime=2021-07-30T12:05:57.117687+00:00
returnvalue=0
walltime=5.370717695999701s
cputime=5.034050716s
cputime-cpu11=5.034050716s
memory=331956224B
blkio-read=0B
blkio-write=0B