starttime=2021-07-30T14:26:10.714669+00:00
terminationreason=walltime
exitsignal=9
walltime=611.0025096569989s
cputime=610.805382067s
cputime-cpu17=610.805382067s
memory=330625024B
blkio-read=0B
blkio-write=0B