starttime=2021-07-30T14:14:48.942822+00:00
terminationreason=walltime
exitsignal=9
walltime=611.0024645180001s
cputime=610.610898729s
cputime-cpu16=610.610898729s
memory=330526720B
blkio-read=0B
blkio-write=0B