starttime=2021-07-30T14:25:09.242734+00:00
terminationreason=walltime
exitsignal=9
walltime=611.0025015440006s
cputime=610.741900195s
cputime-cpu26=610.741900195s
memory=330539008B
blkio-read=0B
blkio-write=0B