starttime=2021-07-30T12:05:30.533601+00:00
returnvalue=0
walltime=5.206779319999441s
cputime=5.122029005s
cputime-cpu27=5.122029005s
memory=331956224B
blkio-read=0B
blkio-write=0B