starttime=2021-07-30T12:07:55.855528+00:00
terminationreason=walltime
exitsignal=9
walltime=601.0226963809992s
cputime=600.997441424s
cputime-cpu13=600.997441424s
memory=715505664B
blkio-read=0B
blkio-write=0B