starttime=2021-07-30T14:28:22.330707+00:00
terminationreason=walltime
exitsignal=9
walltime=611.0024861820002s
cputime=610.838921123s
cputime-cpu54=610.838921123s
memory=330375168B
blkio-read=0B
blkio-write=0B