starttime=2021-07-30T14:05:45.131889+00:00
returnvalue=0
walltime=28.58432203099983s
cputime=28.517901063s
cputime-cpu49=28.517901063s
memory=330604544B
blkio-read=0B
blkio-write=0B