starttime=2021-07-30T13:44:51.548134+00:00
terminationreason=walltime
exitsignal=9
walltime=611.0029860100003s
cputime=610.843962062s
cputime-cpu47=610.843962062s
memory=330285056B
blkio-read=0B
blkio-write=0B