starttime=2021-07-30T14:30:32.194591+00:00
terminationreason=walltime
exitsignal=9
walltime=611.0022121329985s
cputime=610.893298168s
cputime-cpu62=610.893298168s
memory=330285056B
blkio-read=0B
blkio-write=0B