starttime=2021-07-30T12:17:57.872339+00:00
returnvalue=0
walltime=9.215800428000875s
cputime=9.146527792s
cputime-cpu3=9.146527792s
memory=344076288B
blkio-read=0B
blkio-write=0B