starttime=2021-07-30T12:29:59.128327+00:00
terminationreason=walltime
exitsignal=9
walltime=601.0025114959999s
cputime=600.830997737s
cputime-cpu26=600.830439856s
cputime-cpu27=0.000557881s
memory=1008402432B
blkio-read=0B
blkio-write=0B