starttime=2021-07-30T14:05:15.210767+00:00
terminationreason=walltime
exitsignal=9
walltime=611.0024936360005s
cputime=610.736026664s
cputime-cpu37=610.736026664s
memory=330637312B
blkio-read=0B
blkio-write=0B