starttime=2021-07-30T12:06:10.163034+00:00
returnvalue=0
walltime=6.8155260680005085s
cputime=6.431493422s
cputime-cpu28=6.431128832s
cputime-cpu29=0.000364590s
memory=331943936B
blkio-read=0B
blkio-write=0B