starttime=2021-07-30T14:06:03.270661+00:00
terminationreason=walltime
exitsignal=9
walltime=611.0069433079989s
cputime=610.479117218s
cputime-cpu22=610.479117218s
memory=330579968B
blkio-read=0B
blkio-write=0B