starttime=2021-07-30T12:08:49.094779+00:00
terminationreason=walltime
exitsignal=9
walltime=601.0024766289998s
cputime=600.855343938s
cputime-cpu31=600.855343938s
memory=639778816B
blkio-read=0B
blkio-write=0B