starttime=2021-07-30T14:35:50.889433+00:00
terminationreason=walltime
exitsignal=9
walltime=611.0017739390005s
cputime=610.930384745s
cputime-cpu33=610.930363195s
cputime-cpu34=0.000021550s
memory=330248192B
blkio-read=0B
blkio-write=0B