starttime=2021-07-30T14:07:40.122774+00:00
terminationreason=walltime
exitsignal=9
walltime=611.0025156499996s
cputime=610.811315577s
cputime-cpu58=610.811315577s
memory=330244096B
blkio-read=0B
blkio-write=0B