starttime=2021-07-30T14:30:14.602849+00:00
terminationreason=walltime
exitsignal=9
walltime=611.0022759029998s
cputime=610.724040615s
cputime-cpu27=610.724040615s
memory=330788864B
blkio-read=0B
blkio-write=0B