starttime=2021-07-30T12:29:00.690703+00:00
terminationreason=walltime
exitsignal=9
walltime=601.0070290440008s
cputime=600.862766891s
cputime-cpu17=600.862766891s
memory=841125888B
blkio-read=0B
blkio-write=0B