starttime=2021-07-30T14:15:47.842582+00:00
terminationreason=walltime
exitsignal=9
walltime=611.0069569179996s
cputime=610.911881256s
cputime-cpu40=610.911881256s
memory=330301440B
blkio-read=0B
blkio-write=0B