starttime=2021-07-30T14:23:47.190453+00:00
terminationreason=walltime
exitsignal=9
walltime=611.0023571929996s
cputime=610.783276706s
cputime-cpu21=610.783276706s
memory=330493952B
blkio-read=0B
blkio-write=0B