starttime=2021-07-30T12:05:42.982879+00:00
returnvalue=0
walltime=4.9277475039998535s
cputime=4.76686405s
cputime-cpu56=4.766864050s
memory=331997184B
blkio-read=0B
blkio-write=0B