starttime=2021-07-30T12:38:01.567086+00:00
terminationreason=walltime
exitsignal=9
walltime=601.0025052219999s
cputime=600.911560575s
cputime-cpu59=600.911560575s
memory=697569280B
blkio-read=0B
blkio-write=0B