starttime=2021-07-30T13:55:03.650708+00:00
terminationreason=walltime
exitsignal=9
walltime=611.002110342999s
cputime=610.830877065s
cputime-cpu60=0.000004440s
cputime-cpu62=610.830872625s
memory=330702848B
blkio-read=0B
blkio-write=0B