starttime=2021-07-30T14:17:29.522629+00:00
returnvalue=0
walltime=212.24403075100054s
cputime=211.974577557s
cputime-cpu55=211.974577557s
memory=330584064B
blkio-read=0B
blkio-write=0B