starttime=2021-07-30T12:08:47.482810+00:00
returnvalue=0
walltime=151.5460329739999s
cputime=151.45421985s
cputime-cpu16=151.454219850s
memory=1240162304B
blkio-read=0B
blkio-write=0B