starttime=2021-07-30T14:24:53.026585+00:00
returnvalue=0
walltime=19.062084864001008s
cputime=18.948660913s
cputime-cpu19=18.948660913s
memory=330600448B
blkio-read=0B
blkio-write=0B