starttime=2021-07-30T14:26:22.094772+00:00
terminationreason=walltime
exitsignal=9
walltime=611.0067975419988s
cputime=610.670467927s
cputime-cpu13=610.670467927s
memory=330489856B
blkio-read=0B
blkio-write=0B