starttime=2021-07-30T14:05:35.854901+00:00
terminationreason=walltime
exitsignal=9
walltime=611.0024957490004s
cputime=610.887008813s
cputime-cpu40=610.887008813s
memory=330645504B
blkio-read=0B
blkio-write=0B