starttime=2021-07-30T13:55:03.652183+00:00
terminationreason=walltime
exitsignal=9
walltime=611.0018573569996s
cputime=610.820184901s
cputime-cpu62=0.000005190s
cputime-cpu63=610.820179711s
memory=330637312B
blkio-read=0B
blkio-write=0B