starttime=2021-07-30T14:26:29.674720+00:00
terminationreason=walltime
exitsignal=9
walltime=611.0023490739986s
cputime=610.494077438s
cputime-cpu46=610.494077438s
memory=330469376B
blkio-read=0B
blkio-write=0B