starttime=2021-07-30T14:35:50.689075+00:00
returnvalue=0
walltime=133.9712946290001s
cputime=133.814859708s
cputime-cpu6=133.814859708s
memory=330526720B
blkio-read=0B
blkio-write=0B