starttime=2021-07-30T14:15:27.410692+00:00
terminationreason=walltime
exitsignal=9
walltime=611.0025293060007s
cputime=610.906504483s
cputime-cpu61=610.906504483s
memory=330928128B
blkio-read=0B
blkio-write=0B