starttime=2021-07-30T14:20:24.050612+00:00
terminationreason=walltime
exitsignal=9
walltime=611.006948323s
cputime=610.89935502s
cputime-cpu3=610.899355020s
memory=330588160B
blkio-read=0B
blkio-write=0B