starttime=2021-07-30T13:55:35.786744+00:00
terminationreason=walltime
exitsignal=9
walltime=611.0027447499997s
cputime=610.817438351s
cputime-cpu39=610.817438351s
memory=330305536B
blkio-read=0B
blkio-write=0B