starttime=2021-07-30T14:18:34.391634+00:00
returnvalue=0
walltime=370.02388292199976s
cputime=369.926531936s
cputime-cpu7=369.926531936s
memory=330543104B
blkio-read=0B
blkio-write=0B