starttime=2021-07-30T12:07:55.719292+00:00
terminationreason=walltime
exitsignal=9
walltime=601.0063723210005s
cputime=600.907091414s
cputime-cpu7=600.907091414s
memory=722423808B
blkio-read=0B
blkio-write=0B