starttime=2021-07-30T12:06:14.225977+00:00
returnvalue=0
walltime=5.840556453000318s
cputime=5.753273758s
cputime-cpu14=0.000006020s
cputime-cpu44=5.753267738s
memory=332070912B
blkio-read=0B
blkio-write=0B