starttime=2021-07-30T14:03:23.206607+00:00
terminationreason=walltime
exitsignal=9
walltime=611.0069847879986s
cputime=610.576561865s
cputime-cpu21=610.576561865s
memory=330559488B
blkio-read=0B
blkio-write=0B