starttime=2021-07-30T12:42:04.274885+00:00
terminationreason=walltime
exitsignal=9
walltime=601.0022662900001s
cputime=600.697599526s
cputime-cpu28=600.697597456s
cputime-cpu31=0.000002070s
memory=1036083200B
blkio-read=0B
blkio-write=0B