starttime=2021-07-30T14:18:57.415995+00:00
terminationreason=walltime
exitsignal=9
walltime=611.0025501970013s
cputime=610.595896078s
cputime-cpu11=610.595896078s
memory=330530816B
blkio-read=0B
blkio-write=0B