starttime=2021-07-30T13:44:51.441871+00:00
terminationreason=walltime
exitsignal=9
walltime=611.0055311079996s
cputime=610.827723444s
cputime-cpu45=610.827723444s
memory=330334208B
blkio-read=0B
blkio-write=0B