starttime=2021-07-30T14:15:47.022711+00:00
terminationreason=walltime
exitsignal=9
walltime=611.0026197550014s
cputime=610.938177225s
cputime-cpu1=610.938177225s
memory=330563584B
blkio-read=0B
blkio-write=0B