starttime=2021-07-30T12:06:12.479930+00:00
returnvalue=0
walltime=6.169279056999585s
cputime=6.068697959s
cputime-cpu22=6.068697959s
memory=332066816B
blkio-read=0B
blkio-write=0B