starttime=2021-07-30T12:17:57.900696+00:00
returnvalue=0
walltime=15.940540607000003s
cputime=15.763410305s
cputime-cpu6=15.763410305s
memory=449486848B
blkio-read=0B
blkio-write=0B