starttime=2021-07-30T13:47:45.334762+00:00
terminationreason=walltime
exitsignal=9
walltime=611.0067990520001s
cputime=610.895926424s
cputime-cpu30=610.895926424s
memory=330301440B
blkio-read=0B
blkio-write=0B